girls data
 0     4683
1     4457
2     4102
3     4590
4     4839
      ... 
77    7417
78    7687
79    7623
80    7380
81    7288
Name: girls, Length: 82, dtype: int64
boys data
      X  year  boys
0    1  1629  5218
1    2  1630  4858
2    3  1631  4422
3    4  1632  4994
4    5  1633  5158
..  ..   ...   ...
77  78  1706  7952
78  79  1707  8379
79  80  1708  8239
80  81  1709  7840
81  82  1710  7640

[82 rows x 3 columns]
all children
 0      9901
1      9315
2      8524
3      9584
4      9997
      ...  
77    15369
78    16066
79    15862
80    15220
81    14928
Length: 82, dtype: int64
ratio of boys to girls
 0     1.114243
1     1.089971
2     1.078011
3     1.088017
4     1.065923
        ...   
77    1.072132
78    1.090022
79    1.080808
80    1.062331
81    1.048299
Length: 82, dtype: float64
prportion of boys to total children
 0     0.527017
1     0.521524
2     0.518771
3     0.521077
4     0.515955
        ...   
77    0.517405
78    0.521536
79    0.519417
80    0.515112
81    0.511790
Length: 82, dtype: float64
data set
     Unnamed: 0  year     boys    girls
0            1  1940  1211684  1148715
1            2  1941  1289734  1223693
2            3  1942  1444365  1364631
3            4  1943  1508959  1427901
4            5  1944  1435301  1359499
..         ...   ...      ...      ...
58          59  1998  2016205  1925348
59          60  1999  2026854  1932563
60          61  2000  2076969  1981845
61          62  2001  2057922  1968011
62          63  2002  2057979  1963747

[63 rows x 4 columns]
girls data 
 0     1148715
1     1223693
2     1364631
3     1427901
4     1359499
       ...   
58    1925348
59    1932563
60    1981845
61    1968011
62    1963747
Name: girls, Length: 63, dtype: int64
boys data 
 0     1211684
1     1289734
2     1444365
3     1508959
4     1435301
       ...   
58    2016205
59    2026854
60    2076969
61    2057922
62    2057979
Name: boys, Length: 63, dtype: int64
children data 
 0     2360399
1     2513427
2     2808996
3     2936860
4     2794800
       ...   
58    3941553
59    3959417
60    4058814
61    4025933
62    4021726
Length: 63, dtype: int64
ratio of boys to girls 
 0     1.054817
1     1.053969
2     1.058429
3     1.056767
4     1.055757
        ...   
58    1.047190
59    1.048791
60    1.047998
61    1.045686
62    1.047986
Length: 63, dtype: float64
proportion of boys to total children 
 0     0.513339
1     0.513138
2     0.514193
3     0.513800
4     0.513561
        ...   
58    0.511526
59    0.511907
60    0.511718
61    0.511166
62    0.511715
Length: 63, dtype: float64
max birth year is: 1961